camera_matrix:
- - 891.6279056527413
  - 0.0
  - 244.78587599613516
- - 0.0
  - 888.0080654876305
  - 151.0235913286838
- - 0.0
  - 0.0
  - 1.0
dist_coeff:
- - 0.043441366471979555
  - -0.25700965138546256
  - -0.00988329500314542
  - -0.008061643807825654
  - 0.49774485697781073
rms: 0.5923613046263171